0.0 10.0 0.0 0 0 0 0.0
0.1 9.995070605035488 0.3139484039703134 0 0 0 0.031400000000000004
0.2 9.980287279928898 0.6275872928042975 0 0 0 0.06280000000000001
0.30000000000000004 9.955664599249896 0.9406074565100931 0 0 0 0.0942
0.4 9.921226837982115 1.2527002950839485 0 0 0 0.12560000000000002
0.5 9.877007947590947 1.563558122752478 0 0 0 0.15700000000000003
0.6000000000000001 9.823051522551523 1.872874471313604 0 0 0 0.1884
0.7000000000000001 9.759410757369817 2.18034439227712 0 0 0 0.21980000000000002
0.8 9.686148394139318 2.4856647575069966 0 0 0 0.25120000000000003
0.9 9.603336660684903 2.78853455806905 0 0 0 0.2826
1.0 9.51105719935495 3.0886552009893222 0 0 0 0.31400000000000006
1.1 9.40940098653186 3.3857308036306195 0 0 0 0.34540000000000004
1.2000000000000002 9.298468242940357 3.6794684853969954 0 0 0 0.3768
1.3 9.17836833484197 3.969578656478574 0 0 0 0.40820000000000006
1.4000000000000001 9.049219666213142 4.255775303352055 0 0 0 0.43960000000000005
1.5 8.91114956201324 4.537776270755451 0 0 0 0.4710000000000001
1.6 8.764294142657537 4.815303539859019 0 0 0 0.5024000000000001
1.7000000000000002 8.608798189818971 5.088083502358192 0 0 0 0.5338
1.8 8.44481500369093 5.355847230218257 0 0 0 0.5652
1.9000000000000001 8.272506251851802 5.618330740804857 0 0 0 0.5966000000000001
2.0 8.092041809880323 5.87527525713892 0 0 0 0.6280000000000001
2.1 7.903599593878795 6.126427463019452 0 0 0 0.6594000000000001
2.2 7.707365385069352 6.3715397527626525 0 0 0 0.6908000000000001
2.3000000000000003 7.503532646636147 6.610370475311163 0 0 0 0.7222000000000001
2.4000000000000004 7.292302332994067 6.842684172472763 0 0 0 0.7536
2.5 7.073882691671996 7.068251811053661 0 0 0 0.7850000000000001
2.6 6.848489058005952 7.286851008657495 0 0 0 0.8164000000000001
2.7 6.616343642844499 7.498266252927484 0 0 0 0.8478000000000001
2.8000000000000003 6.377675313475743 7.702289114015526 0 0 0 0.8792000000000001
2.9000000000000004 6.13271936799188 7.898718450068801 0 0 0 0.9106000000000001
3.0 5.881717303313749 8.087360605531304 0 0 0 0.9420000000000002
3.1 5.624916577104092 8.268029602064786 0 0 0 0.9734000000000002
3.2 5.36257036380424 8.4405473219009 0 0 0 1.0048000000000001
3.3000000000000003 5.094937305034754 8.604743683443756 0 0 0 1.0362000000000002
3.4000000000000004 4.8222812546060805 8.760456808949794 0 0 0 1.0676
3.5 4.544871018390623 8.907533184119663 0 0 0 1.0990000000000002
3.6 4.262980089312686 9.045827809444727 0 0 0 1.1304
3.7 3.976886377717533 9.175204343159052 0 0 0 1.1618000000000002
3.8000000000000003 3.6868719373854297 9.29553523565587 0 0 0 1.1932000000000003
3.9000000000000004 3.3932226874607396 9.406701855236069 0 0 0 1.2246000000000001
4.0 3.09622813057024 9.5085946050647 0 0 0 1.2560000000000002
4.1000000000000005 2.7961810674085807 9.601113031220173 0 0 0 1.2874
4.2 2.49337730807221 9.684165921729686 0 0 0 1.3188000000000002
4.3 2.188115380426432 9.757671396493187 0 0 0 1.3502000000000003
4.4 1.8806962357930472 9.821556988007242 0 0 0 1.3816000000000002
4.5 1.571422952248762 9.875759712809227 0 0 0 1.4130000000000003
4.6000000000000005 1.260600435826892 9.920226133571404 0 0 0 1.4444000000000001
4.7 0.9485351199168952 9.954912411783654 0 0 0 1.4758000000000002
4.800000000000001 0.6355346631581442 9.979784350972945 0 0 0 1.5072
4.9 0.3219076461257223 9.994817430416916 0 0 0 1.5386000000000002
5.0 0.007963267107330413 9.999996829318347 0 0 0 1.5700000000000003
5.1000000000000005 -0.30598896272881526 9.995317441416663 0 0 0 1.6014000000000002
5.2 -0.6196395244745488 9.980783880022097 0 0 0 1.6328000000000003
5.300000000000001 -0.9326791966299288 9.956410473467521 0 0 0 1.6642000000000001
5.4 -1.2447993599582368 9.922221250982442 0 0 0 1.6956000000000002
5.5 -1.5556923017471835 9.878249919003089 0 0 0 1.7270000000000003
5.6000000000000005 -1.865051519176416 9.824539827941955 0 0 0 1.7584000000000002
5.7 -2.1725720214922144 9.76114392944952 0 0 0 1.7898000000000003
5.800000000000001 -2.477950630691454 9.688124724210347 0 0 0 1.8212000000000002
5.9 -2.780886280418448 9.605554200324958 0 0 0 1.8526000000000002
6.0 -3.081080312779928 9.513513762338285 0 0 0 1.8840000000000003
6.1000000000000005 -3.3782367727855913 9.412094150984636 0 0 0 1.9154000000000002
6.2 -3.672062700123917 9.301395353728314 0 0 0 1.9468000000000003
6.300000000000001 -3.9622684179855696 9.18152650618807 0 0 0 1.9782000000000002
6.4 -4.248567818649692 9.052605784542603 0 0 0 2.0096000000000003
6.5 -4.530678645551486 8.914760289023128 0 0 0 2.0410000000000004
6.6000000000000005 -4.808322771553041 8.768125918607948 0 0 0 2.0724000000000005
6.7 -5.081226473143024 8.612847237042493 0 0 0 2.1038
6.800000000000001 -5.349120700294963 8.449077330316957 0 0 0 2.1352
6.9 -5.61174134171798 8.276977655742058 0 0 0 2.1666000000000003
7.0 -5.868829485238597 8.09671788277164 0 0 0 2.1980000000000004
7.1000000000000005 -6.120131673056791 7.908475725729142 0 0 0 2.2294000000000005
7.2 -6.365400151624721 7.712436768602773 0 0 0 2.2608
7.300000000000001 -6.60439311590175 7.508794282082149 0 0 0 2.2922000000000002
7.4 -6.836874947744943 7.297749033016796 0 0 0 2.3236000000000003
7.5 -7.062616448200055 7.079509086484319 0 0 0 2.3550000000000004
7.6000000000000005 -7.281395063463961 6.8542896006634155 0 0 0 2.3864000000000005
7.7 -7.492995104295773 6.622312614713954 0 0 0 2.4178
7.800000000000001 -7.697207958660344 6.383806829873212 0 0 0 2.4492000000000003
7.9 -7.893832297394471 6.139007383984152 0 0 0 2.4806000000000004
8.0 -8.082674272693103 5.888155619677949 0 0 0 2.5120000000000005
8.1 -8.263547709219816 5.631498846439367 0 0 0 2.5434000000000005
8.200000000000001 -8.436274287653161 5.3692900967895305 0 0 0 2.5748
8.3 -8.600683720487952 5.101787876826469 0 0 0 2.6062000000000003
8.4 -8.756613919918117 4.829255911369399 0 0 0 2.6376000000000004
8.5 -8.903911157635678 4.5519628839579624 0 0 0 2.6690000000000005
8.6 -9.042430216388258 4.270182171962761 0 0 0 2.7004000000000006
8.700000000000001 -9.172034533145716 3.984191577068359 0 0 0 2.7318000000000002
8.8 -9.292596333734773 3.6942730513944237 0 0 0 2.7632000000000003
8.9 -9.40399675880888 3.4007124195250737 0 0 0 2.7946000000000004
9.0 -9.506125981029157 3.103799096720412 0 0 0 2.8260000000000005
9.1 -9.598883313340856 2.803825803588105 0 0 0 2.8574000000000006
9.200000000000001 -9.68217730823861 2.501088277496288 0 0 0 2.8888000000000003
9.3 -9.755925847922619 2.1958849810122882 0 0 0 2.9202000000000004
9.4 -9.820056225256849 1.8885168076546792 0 0 0 2.9516000000000004
9.5 -9.874505215449478 1.579286785248661 0 0 0 2.9830000000000005
9.600000000000001 -9.919219138384893 1.268499777177302 0 0 0 3.0144
9.700000000000001 -9.95415391154578 0.9564621818231184 0 0 0 3.0458000000000003
9.8 -9.97927509347316 0.6434816304963699 0 0 0 3.0772000000000004
9.9 -9.99455791772149 0.32986668414779674 0 0 0 3.1086000000000005
10.0 -9.999987317275394 0.01592652916486384 0 0 0 3.1400000000000006
10.100000000000001 -9.99555793940391 -0.29802932744859806 0 0 0 3.1714
10.200000000000001 -9.98127415093763 -0.6116913632088641 0 0 0 3.2028000000000003
10.3 -9.95715003396354 -0.9247503453040028 0 0 0 3.2342000000000004
10.4 -9.923209371941791 -1.2368976354600272 0 0 0 3.2656000000000005
10.5 -9.879485626258074 -1.5478254942208807 0 0 0 3.2970000000000006
10.600000000000001 -9.82602190323475 -1.8572273843422995 0 0 0 3.3284000000000002
10.700000000000001 -9.762870911633229 -2.1647982730004567 0 0 0 3.3598000000000003
10.8 -9.690094910689513 -2.470234932517392 0 0 0 3.3912000000000004
10.9 -9.60776564873412 -2.7732362393068244 0 0 0 3.4226000000000005
11.0 -9.51596429245691 -3.0735034707455693 0 0 0 3.4540000000000006
11.100000000000001 -9.414781346886562 -3.37074059967789 0 0 0 3.4854000000000003
11.200000000000001 -9.304316566163548 -3.6646545862624698 0 0 0 3.5168000000000004
11.3 -9.184678855194642 -3.95495566687421 0 0 0 3.5482000000000005
11.4 -9.055986162285848 -4.24135763977612 0 0 0 3.5796000000000006
11.5 -8.91836536285964 -4.523578147279589 0 0 0 3.6110000000000007
11.600000000000001 -8.771952134371165 -4.8013389541149 0 0 0 3.6424000000000003
11.700000000000001 -8.616890822546669 -5.07436622173755 0 0 0 3.6738000000000004
11.8 -8.45333429907609 -5.342390778299895 0 0 0 3.7052000000000005
11.9 -8.281443810900072 -5.60514838402204 0 0 0 3.7366000000000006
12.0 -8.101388821239988 -5.862379991700278 0 0 0 3.7680000000000007
12.100000000000001 -7.913346842527714 -6.113832002096284 0 0 0 3.7994000000000003
12.200000000000001 -7.717503261399839 -6.359256513955295 0 0 0 3.8308000000000004
12.3 -7.514051155928896 -6.59841156840672 0 0 0 3.8622000000000005
12.4 -7.303191105271729 -6.831061387506329 0 0 0 3.8936000000000006
12.5 -7.085130991922725 -7.056976606684771 0 0 0 3.9250000000000007
12.600000000000001 -6.860085796766827 -7.275934500873276 0 0 0 3.9564000000000004
12.700000000000001 -6.628277387134386 -7.487719204083642 0 0 0 3.9878000000000005
12.8 -6.389934298066841 -7.692121922225949 0 0 0 4.0192000000000005
12.9 -6.1452915070088086 -7.88894113895429 0 0 0 4.0506
13.0 -5.894590202148749 -8.077982814337497 0 0 0 4.082000000000001
13.100000000000001 -5.638077544636632 -8.25906057615902 0 0 0 4.1134
13.200000000000001 -5.376006424912896 -8.431995903657405 0 0 0 4.144800000000001
13.3 -5.108635213389138 -8.596618303526132 0 0 0 4.176200000000001
13.4 -4.836227505726099 -8.752765477999414 0 0 0 4.2076
13.5 -4.559051862960261 -8.90028348485814 0 0 0 4.239000000000001
13.600000000000001 -4.277381546735187 -9.039026889198267 0 0 0 4.2704
13.700000000000001 -3.9914942498985506 -9.168858906812057 0 0 0 4.301800000000001
13.8 -3.701671822730658 -9.289651539040735 0 0 0 4.333200000000001
13.9 -3.4081999950741166 -9.401285698965689 0 0 0 4.3646
14.0 -3.111368094638814 -9.503651328813765 0 0 0 4.396000000000001
14.100000000000001 -2.811468761759829 -9.596647508460892 0 0 0 4.4274000000000004
14.200000000000001 -2.508797660889415 -9.680182554927143 0 0 0 4.458800000000001
14.3 -2.2036531891076976 -9.75417411276503 0 0 0 4.490200000000001
14.4 -1.8963361819391964 -9.818549235252032 0 0 0 4.5216
14.5 -1.5871496167654322 -9.873244456307225 0 0 0 4.553000000000001
14.600000000000001 -1.276398314125915 -9.918205853061155 0 0 0 4.5844000000000005
14.700000000000001 -0.9643886372019163 -9.95338909901727 0 0 0 4.615800000000001
14.8 -0.6514281897795156 -9.978759507752484 0 0 0 4.647200000000001
14.9 -0.33782551298942687 -9.994292067113781 0 0 0 4.6786
15.0 -0.023889781122806503 -9.99997146387718 0 0 0 4.710000000000001
15.100000000000001 0.2900695031771589 -9.99579209884472 0 0 0 4.7414000000000005
15.200000000000001 0.6037428140474693 -9.981758092364593 0 0 0 4.772800000000001
15.3 0.9168209075602857 -9.957883280268971 0 0 0 4.804200000000001
15.4 1.228995126600085 -9.924191200233562 0 0 0 4.8356
15.5 1.5399577051621987 -9.880715068572293 0 0 0 4.867000000000001
15.600000000000001 1.8494020717728263 -9.827497747490069 0 0 0 4.8984000000000005
15.700000000000001 2.157023151731472 -9.764591702825799 0 0 0 4.929800000000001
15.8 2.4625176678776133 -9.692058952327447 0 0 0 4.961200000000001
15.9 2.765584439585343 -9.609971004510026 0 0 0 4.9926
16.0 3.065924679690997 -9.518408788156856 0 0 0 5.024000000000001
16.1 3.363242289061115 -9.417462572533587 0 0 0 5.055400000000001
16.2 3.657244148510415 -9.307231878393615 0 0 0 5.086800000000001
16.3 3.947640407781776 -9.187825379862666 0 0 0 5.118200000000001
16.400000000000002 4.234144771303574 -9.059360797299256 0 0 0 5.1496
16.5 4.516474780442444 -8.921964781236664 0 0 0 5.181000000000001
16.6 4.794352091973295 -8.77577278752084 0 0 0 5.212400000000001
16.7 5.0675027524921 -8.620928943767312 0 0 0 5.243800000000001
16.8 5.335657468500742 -8.457585907268827 0 0 0 5.275200000000001
16.900000000000002 5.598551871897866 -8.285904714493698 0 0 0 5.3066
17.0 5.855926780613822 -8.106054622323356 0 0 0 5.338000000000001
17.1 6.1075284541327886 -7.918212941185551 0 0 0 5.369400000000001
17.2 6.35310884365028 -7.722564860247702 0 0 0 5.400800000000001
17.3 6.592425836619189 -7.519303264842813 0 0 0 5.432200000000001
17.400000000000002 6.825243495443508 -7.308628546307856 0 0 0 5.4636000000000005
17.5 7.051332290084234 -7.090748404422161 0 0 0 5.495000000000001
17.6 7.270469324348187 -6.865877642640599 0 0 0 5.526400000000001
17.7 7.48243855563673 -6.634237956323313 0 0 0 5.557800000000001
17.8 7.687031007937584 -6.396057714170979 0 0 0 5.589200000000001
17.900000000000002 7.884044977849923 -6.151571733080855 0 0 0 5.6206000000000005
18.0 8.07328623343951 -5.901021046645748 0 0 0 5.652000000000001
18.1 8.254568205727857 -5.6446526675240865 0 0 0 5.683400000000001
18.2 8.427712172626704 -5.382719343915276 0 0 0 5.714800000000001
18.3 8.592547435136325 -5.115479310380618 0 0 0 5.746200000000001
18.400000000000002 8.748911485634132 -4.8431960332552295 0 0 0 5.7776000000000005
18.5 8.896650168087492 -4.56613795090214 0 0 0 5.809000000000001
18.6 9.035617830032933 -4.28457820906457 0 0 0 5.840400000000001
18.7 9.165677466171854 -3.998794391577229 0 0 0 5.871800000000001
18.8 9.286700853441156 -3.7090682467023046 0 0 0 5.903200000000001
18.900000000000002 9.398568677425683 -3.4156854093597158 0 0 0 5.9346000000000005
19.0 9.50117064998779 -3.118935119525668 0 0 0 5.966000000000001
19.1 9.594405617998092 -2.819109937077063 0 0 0 5.997400000000001
19.200000000000003 9.678181663060228 -2.5165054533628126 0 0 0 6.0288
19.3 9.75241619213126 -2.2114199997865596 0 0 0 6.060200000000001
19.400000000000002 9.817036018948432 -1.904154353688041 0 0 0 6.091600000000001
19.5 9.871977436181957 -1.5950114418129693 0 0 0 6.123000000000001
19.6 9.917186278242747 -1.2842960416639846 0 0 0 6.154400000000001
19.700000000000003 9.952617974683118 -0.9723144810268558 0 0 0 6.1858
19.8 9.978237594137868 -0.6593743359683791 0 0 0 6.217200000000001
19.900000000000002 9.99401987876237 -0.3457841276036212 0 0 0 6.248600000000001
